scriptorum. 333

Esaias 9816 ....... 8951311161 65,1. ....... 57,9
99,10. .961, 11,681, 13 65, 9 ....... 87,15

99,11 ....... 499 65,13.15.16. ,57,13
99,13. 719,96,736,15; 66,1, 9. ,66,3, 117,19

66, 9. 1.34,7; 5333
661516, .41,4 9
661819 ..... 56, 14
66, 94.. .368, 99
17 ..... 96 17 Hleremml 5, .55, 16, 951,7
,.71, 17 9,19.13.161,8

913.. ‚4'1,'{8 91916,

,158,19,199,9 767,10
, 9,]990.97.,,161,8
,19 ....... 108,1 ,

41, 15-91, ..66, 10
49,1.9. A 163, 99
49, 1-4. ,4118 17
49, 9-4. ,.78,
49, 6-8 ..79,
49,13.14, .95,’414,
49,19. 54,
49, 94. 95 ..953
43,1-3.. ..333
43,18-91. 47, 7,(16,

43, 95. 96, 68,

45, 1. . ,56, 10, 9-5 ..161, 8
, 45,14-16 ..... 68, 10, 9. ,161, 14

46, 1. 9. 5-7. ..169 9 10, 11' ,,,,,,, 161, 8
153ξέ1..,4713;706 16 10,94,.,.,,460,91
59,
59,

6
3
15
94
3
5
5
31
10
14

6. ..78,3, 5079 11,14. . .951,10,394,90
10 ....... 668 11,18.19,...,80,18
11. ,,14719, 94394, 11, 19 ....... 87,17
4100, 90 15, 9 ....... 91,6
,59,15. ,5690 15,18...,..789,99
531 ........ 669 16,9,.,...85,14
53,1-7, ,,77 13 17,5 . . .191,90,949,93
536.. 4.171,91 17,7...,..191,90
53, 7-9. 19 ..80. 8 17, 9 ....... 7417
54,1-4, ..597 93, 16. 17. 9196, 593, 95
55, 1 ....... 178 19 93, 90, ,,49 14
. , . . 93, 91. 99 ,919 6
2122}ss 93,9’·1.,.94156,18,957,14,

93, 98. 30.

968, 97

39.. 7,15, 94

94, 8-10. . . ,49538

95, 4-7,. .39, 90

95,6 . . . 394,1,355,9,

4100, 15

37 (Hebr. 30), 8.9. 4819

. 3801661. 31),10. ll. ,49,1
,13, 159, 91 38, 31-36. . . 4619
7.5. 71 38,31-94.37. . .134, 18

39, 37-41 ..... 13418

4801011141), 10 . . 1444

 

