scriptorum.

1513505363 ....... 150, Mattheus 10 33.
6,9, 1164,,3 1122211
6, 3-13 ..... 270, 22
, , , , ,13218

11, 28 ..... 1117210
11, 28, 30, 48,,8 18222,
1,2,,32 38212 . 1114219
,1-33.,12217, 381,5 12,30, , 174,11,214,25,
, ....... A 63, 2 44212

,,,1547351.12, 1231.,,,,11102,13 ·
, 12, 32 ....... 1428
123435.. ..6721
12,36, 37, , , , ,12217
mu ...... ΔἏΏ
1217. , . . ., ’.345
,133,13, 7921, 13, 45,46,,111,6,379, 11
1235, 23 1411, . . , ,. 117,20
..141,3, 223, 21, 14, 31. , . , , , 150, 16
15,4 . . ,ι ,. 79216
15,13. , .613,23, 73218
15, 14. . ,2222259413
15, 16 ....... 2626
16,4 ,,,,,,,, 328
1216. .177, 12118222
16, 18. 13 .. 2128, 5624,
. 820, 28
16, 26.. ,,Α40 3
17, 6. 4215, 71220
17, 20,, .,150 16

18, 7. ,1.187, 4 ·

,635,14,747,10; 1215 ..... 11168, 20
1235 2 ’ 18, 17. . .690,17, 75213
11824 1213, , ,115,2,220,10,
10, 5. ,752 20 437, 20
10, 8. 1,7,8 16 1220 ....... 2224
10, 16,. .174, 19 1232 ....... 55512
1218 ....... 560,9 19,6,.,,.,ι117,3
10,19, . , , , , 33212 1211 ..... 8184, 20
10,19.20,,123,17,432,10; 19,11.12,.144,16,190,4
65218, 6622, 1217. . . . , . 21213
831, 25 1217-22, . . , 111,14
10, 22, ,,,130,2; 22217, 19, 21, . ,244,24,379,5,
32211, 4028, 1115220
5022511,Ιο 19,29,,..,.ι139,13
10, 25.. .,172 1 21, 13. , , . . . 17217
10,28,,129’20,326,24; 22,32..,...566,18
482,7 662, 25, 22,37-40.,323,12,ι186,1
11623 23,6-8,.,,.,118,6
1229. , , 672,12,727,2 2289... . ,111644
1232. . . 50222823 229. , ,2722233220
10, 32, 33,.130,2, 32214, 2212. . . . . ,A 6226
5124 23, 37 ,,,,, A 120, 15

 

