334

Batuch 3,35-31 ..... 69, 61155151 144, . .331,19;661, 12
1433 ..,.,4148,5

Ezechiel

Index

5’,5(; 55Η55555)55555
55 ........ 1551

,4168,9

115555555·2,52.,128, 9
’1155551321 ..... 4184,1οηιωΙ2,60, 15515

26263. ,111,1, 639,3

,4216, 29115555555-6, 23-25, ,41,82 5
90..,6, 361,6 orumII6, 21. 28. ,418211

, ,36621
1213. 42524
14,12-14, ,32424
141314 .251,21
14,16,..,..324,24
18,4,..,.,461,5
18,20 ,,..645,22
18,21. , . , ..4645

630, ,132,10,342,6

1, 9 14.16-19,.132,15,
33212

1,18,19,...340,12
1, 21-29, . , . .341,2
9,12 ....... 111,6

18, 23 ...... A 121, 5115355551, 20. 21. ..12 14

18,30..,.,.459,1
18,30-32. . . .468,25
18,32. ,399.20,4234,28
201819 421116
331011 ,4,6011
33,11.. ,1821226318
33,12.. .329,9,401,10,
46314

49316 416220
,4652

,65410

‚A65, 2

,]6., ,48, 19, 65421,
141,11,465,2

36, 18- 23.. .459, 25.
36, 25. 26. Ι161,.12, 161,16
31,11-14, , . . 158,15
44,10-13.,..454,15

1, 23 ....... 11, 13
2,. ..,,111 98, 14,
412214

3, ..141,,8 44318
3, 4116 411, 26
5, .4165, 1
gij.. ,1195 42451111733
5,1,11,1,101,10
5,1 ,,,,, 41,58 10
5, 8, ,112 20
5, 9. .115,1, 231, 25
5, 10.. ,129, 15, 3451
5,10-12 ..... 560, 4
5, 13.. ,114 20· 209,2·
440, '11; 4939,
41532

5,16.. ,141,13,506,,9
4181, 3, 42321

5,19, , .111,12,113,4,
83214

5,20,.,.,, 20211
5,21.22.,..120,15
5, 22 , ,126,15, 610,13
5, 23. 24, , ,11612
5, 26. .151, 16, 4361
5, 32,. A 11 '1⁵1
.125, 22

 

