372 Index scriptorum»

661611, 12, 32.. ,34, 1814666
31015.. ,1132
3, 17.. 113, 22, 386, 8

1111111116. 11. . . . .166, 11

66111616 1,4.15 . . . .367, 11

4666, 1,12-18 . . , . ,336
1,14 ....... 19312
2, 5 ,. 243, 15,525, 8,

563, 7,639, 10,

A 63, 21

,7 ....... 131,12
,131 14, 333, 3,

503, 9, 511, 9

, -22 ..... 63318
.1,5,73 25311,

269, 9, 308, 6

ΜΗ,ΜὴΜ.Μ,

40712

,35322
,,...384,3
24714

, ,.560,12
,-5'‘ ..... 7616

6 1-11,,,11611;1116
6, 16 ....... .166,
6 11-11..

14,.4 ..,,146719310
14,6..7, ,3233
14,9-11. .168,21,,36264,3,4ἐ
16,5 ....... 13114
17,1-,4 1.48,,4196,2
1715 7.11,8,356,23
18,4..244,6,3100, 19
18,-..49 ..147,2
13,6,7 ..8711
1911 ....... 657
19,1-1 16. 9310
1919 .65,7
234, 34518
2311-13 3,6820
21,2. ..A116,4
21,6. ., 6318
21, 6.7, .70, 18, 178, 21
21,91,0 ..85,20
22,9 ,,,,,,, 415,6
22,]0-12. Ι1,,406412,26
221314 ..9019
22,15, ’.3536

,,,3945 4331013,
31024, 41,174,
4124;,44190,’,2
3218,1,84266,14

, -16 ..... 81,11.1VergAen 11611. . . A 304, 66

 

