452 Index

schismaticus immo 5111111111 furor 111111116 11 1111 11 quoque
61114 1111111611111701, ,438,9, 475,
scire (= 101111 Christum 387, 8, 21, 572, 2, 590, 13, 591, 2, 690,
790, 17, 401, 27, 11112, scit 10,691,17,101,2,702,20,104,
6111 (= 1111111111530,16, scibis 12, 182, 11, Aes, 8, 4561,
263,17 , Vc 14, 116 1111111115, coitio
scindere: curn duodecim 111511111111 sententiae 1101111111, 485, 10,
scinderentur 216, 8, 1111611111- 534, 6, 539, 11, 543,1,565,10,
11111111 752, 18, scisso ecclesis 678,1
133, 9, scissi 11111111 membra 1161111111111266,1,111111111111111
599, 17, erroris scissi comites 599, A 268, 22 1111111111
1, 6111111 mentes 11 111111111- 11611111111111111111111111111111111
11111111 810, 25 A 98,8
11111111 216, 2 seductio mortalis 125, 16
111111111114111,11 cernel (= 1111111111 ‘dumah ἅπαξ,
111111111111511 11111111111111
26, 381261111111111111, senp- 511215, 22, (uirgines) 1111111111
11111627,16,635,12,647,5 statum sunm continenter tencre
scrupulum ambigendi 111111160214 61111111111 473, 1, sicut semel
1111111111 1111111111 05111111 Α 38,9 placuit 596, 24, 628, 16, 632, 25,
111111111 11111 494,18;-sgrieoln 111511 (foculos) semel 111116111
A 42, 15 A 195, 8, 28112, 422, 16, 542,
111111111111116111111111111 mo· 14, 599, 5, 600, 5, 625, 3, 639,
dum sculptum A 23, 8 14, 674, 22, 697, 5, 709, 21, 718,
11111 (flumen) 1116116611 ,11111114 12, 1194, 723, 22; 774, 4, 778,
285, 56 1. 4, 198, 8, 410514, 4214,
11111111111111516, 16 17, semol etque 111111143514,
secrete 1116111423, 24, 563, 13 548, 6, 568, 15, 144, 4
11111 11 11111111111111111111111 584, 1111111111 1611 35215, - 6111116111
15, fidei 1111111 secta 397, 8, 1111161111618,8
5438 seminatio 111111111188,19,-611·
1111161 A 305, 80 cerdice 642, 24 , - pestifere 689,
secundum quod libclio continetur 17
628, 1,11111161111 1116 ente 111111 seminarium 61111111111422, 28
611111111111627,13,1111116111 uod seminudus 398, 16
credidit 781, 4, 782, 20 (secundum semiperempts iugero A 295ε 133
fidem 11111 782, 17), 11111611111111111111111 247, 2, semustilatus
1116 1111111 1111115311, 600, 5863
10, 701, 6, offerre secundum qnod senecta A 130, 6
dominus obtulit 715, 7, 713,16, senium: 1111111111 senio signate in·
secundum quod iile misericors 11 111611 A 297, 2, (= 11111111, si
1111 111 647, 9, 470, 22, 569,1, 1111151 senio 11111111 modulatior
28, 9, 632, 6, 65219, 656, 8, 1111 A 294, 11·
667, 8, 669, 24, 703, 2, 132, 6, 111111111111111111 683, 5, - setis·
142, 12, 157, 11, 165, 25, sin 11 iectionis 686, 11, 11111511 1111111
seeundum 111611111111111 1 1111116 666,1, 1111111111 61 11-
13 11111 sensibus 1111111111111111111
sed enim (= 11) 255, 10, 352, 7, 615, 12 ’
387, 13 ; 591, 11, 624, 14, 651, 11111111111111111111111611243,14
6, 135, 20, 116 111 enim? 811, 5, 11111111 r: excipere) 301, 20
(= 111111 post 11111111) 537, 13, 11111111 obliuione 11111110, 1
116 11 (= 1111111 11 1116. 1111111), septimana (= 1116111514 265, 11. 12
1111111111111111111315,1111- screnum 11111 1151 maculatum A
11111111111611 11111111111111111 286, 84. 98, imbres 1111111 longa
532, 16 , 1156161 nominc singu suspendunt 352,9

 

